place(-3.440,1.000,-14.752,"Scout",750)
upgrade(-3.440,2.350,-14.752,1,500)
place(2.701,1.000,-14.502,"Scout",626)
upgrade(2.701,2.350,-14.502,1,376)
upgrade(-3.440,2.350,-14.752,1,719)
upgrade(2.701,2.350,-14.502,1,759)
upgrade(-3.440,2.350,-14.752,1,2449)
upgrade(2.701,2.350,-14.502,1,2714)
place(-3.429,1.000,-11.285,"Scout",777)
upgrade(-3.429,2.350,-11.285,1,527)
upgrade(-3.429,2.350,-11.285,1,537)
upgrade(-3.429,2.350,-11.285,1,2343)
place(3.381,1.000,-11.561,"Scout",1823)
upgrade(3.381,2.350,-11.561,1,1573)
upgrade(3.381,2.350,-11.561,1,1423)
upgrade(3.381,2.350,-11.561,1,2940)
place(-3.302,1.000,-7.910,"Scout",1130)
upgrade(-3.302,2.350,-7.910,1,905)
upgrade(-3.302,2.350,-7.910,1,792)
upgrade(-3.302,2.350,-7.910,1,2403)
place(3.354,1.000,-8.147,"Scout",643)
upgrade(3.354,2.350,-8.147,1,393)
upgrade(3.354,2.350,-8.147,1,257)
upgrade(3.354,2.350,-8.147,1,543)
upgrade(3.354,2.350,-8.147,1,2623)
place(3.004,1.000,-2.837,"Rocketeer",4042)
upgrade(3.004,2.450,-2.837,1,2567)
upgrade(3.004,2.450,-2.837,1,2318)
upgrade(3.004,2.450,-2.837,1,8205)
place(-3.278,1.000,-2.861,"Rocketeer",2469)
upgrade(-3.278,2.450,-2.861,1,994)
upgrade(-3.278,2.450,-2.861,1,745)
upgrade(-3.278,2.450,-2.861,1,1889)
place(-2.703,1.000,3.216,"Rocketeer",3910)
upgrade(-2.703,2.450,3.216,1,2433)
upgrade(-2.703,2.450,3.216,1,2213)
place(2.868,1.000,2.796,"Rocketeer",5217)
upgrade(2.868,2.450,2.796,1,3767)
upgrade(2.868,2.450,2.796,1,2459)
place(7.394,1.000,-3.109,"DJ Booth",3175)
upgrade(7.394,2.365,-3.109,1,2000)
upgrade(7.394,2.365,-3.109,1,1898)
upgrade(7.394,2.365,-3.109,1,3656)
upgrade(-3.278,2.450,-2.861,1,6543)
place(-5.161,1.000,-5.342,"Commander",2257)
upgrade(-5.161,2.368,-5.342,1,1407)
upgrade(-5.161,2.368,-5.342,1,2607)
upgrade(-5.161,2.368,-5.342,1,5567)
upgrade(2.868,2.450,2.796,1,6619)
upgrade(-3.440,2.350,-14.752,1,10165)
upgrade(3.354,2.350,-8.147,1,5595)
upgrade(7.394,2.365,-3.109,1,8311)
place(-6.146,1.000,-8.987,"Commander",10238)
upgrade(-6.146,2.368,-8.987,1,9390)
upgrade(-6.146,2.368,-8.987,1,9731)
upgrade(-6.146,2.368,-8.987,1,7940)
ability(-6.146,2.368,-8.987,"Call Of Arms","25/0")
place(-6.125,1.000,4.020,"Engineer",9940)
upgrade(-6.125,2.353,4.020,1,9340)
upgrade(-6.125,2.353,4.020,1,11309)
upgrade(-6.125,2.353,4.020,1,10940)
upgrade(-6.125,2.353,4.020,1,8690)
place(6.203,1.000,3.847,"Engineer",6440)
upgrade(6.203,2.353,3.847,1,5840)
upgrade(6.203,2.353,3.847,1,5492)
upgrade(6.203,2.353,3.847,1,4984)
ability(-5.161,2.368,-5.342,"Call Of Arms","25/0")
upgrade(6.203,2.353,3.847,1,7690)
