place(-3.271, 1.000, -3.626, "Cowboy", 684)
upgrade(-3.271, 2.350, -3.626, 427)
upgrade(-3.271, 2.350, -3.626, 756)
upgrade(-3.271, 2.350, -3.626, 2179)
place(-3.513, 1.000, -6.966, "Cowboy", 635)
upgrade(-3.513, 2.350, -6.966, 230)
upgrade(-3.513, 2.350, -6.966, 956)
upgrade(-3.513, 2.350, -6.966, 2457)
place(-3.659, 1.000, -10.225, "Cowboy", 2856)
upgrade(-3.659, 2.350, -10.225, 2256)
upgrade(-3.659, 2.350, -10.225, 2106)
upgrade(-3.659, 2.350, -10.225, 2242)
place(3.012, 1.000, 2.998, "Hacker", 2381)
upgrade(3.012, 2.403, 2.998, 981)
upgrade(3.012, 2.403, 2.998, 1271)
upgrade(-3.513, 2.350, -6.966, 5651)
upgrade(-3.659, 2.350, -10.225, 5374)
place(-6.331, 1.000, -3.987, "Cowboy", 624)
upgrade(-3.271, 2.350, -3.626, 4794)
upgrade(-6.331, 2.350, -3.987, 736)
upgrade(-6.331, 2.350, -3.987, 936)
upgrade(-6.331, 2.350, -3.987, 1821)
upgrade(-6.331, 2.350, -3.987, 4927)
place(-6.816, 1.000, -7.431, "Cowboy", 9058)
upgrade(-6.816, 2.350, -7.431, 8544)
upgrade(-6.816, 2.350, -7.431, 8394)
upgrade(-6.816, 2.350, -7.431, 7840)
upgrade(-6.816, 2.350, -7.431, 6344)
place(-6.115, 1.000, -12.696, "Cowboy", 3802)
upgrade(-6.115, 2.350, -12.696, 3591)
upgrade(-6.115, 2.350, -12.696, 3552)
upgrade(-6.115, 2.350, -12.696, 3203)
upgrade(-6.115, 2.350, -12.696, 6825)
place(2.858, 1.000, -3.459, "DJ Booth", 2936)
upgrade(2.858, 2.365, -3.459, 1736)
upgrade(2.858, 2.365, -3.459, 1446)
upgrade(2.858, 2.365, -3.459, 3234)
upgrade(3.012, 2.403, 2.998, 8127)
place(-2.834, 1.000, 3.009, "Hacker", 4347)
upgrade(-2.834, 2.403, 3.009, 3247)
upgrade(-2.834, 2.403, 3.009, 2754)
upgrade(-2.834, 2.403, 3.009, 11803)
upgrade(2.858, 2.365, -3.459, 9959)
upgrade(3.012, 2.403, 2.998, 21545)
upgrade(2.858, 2.365, -3.459, 20036)
place(3.295, 1.000, -7.629, "Commander", 23329)
upgrade(3.295, 2.368, -7.629, 22479)
upgrade(3.295, 2.368, -7.629, 22224)
upgrade(3.295, 2.368, -7.629, 20314)
place(7.077, 1.000, -3.437, "Accelerator", 20046)
upgrade(7.077, 2.350, -3.437, 15546)
upgrade(7.077, 2.350, -3.437, 14696)
upgrade(7.077, 2.350, -3.437, 12605)
upgrade(7.077, 2.350, -3.437, 9684)
place(4.691, 1.000, -10.427, "Accelerator", 5959)
upgrade(4.691, 2.350, -10.427, 1759)
upgrade(4.691, 2.350, -10.427, 909)
upgrade(-3.513, 2.350, -6.966, 27969)
upgrade(-3.271, 2.350, -3.626, 22679)
upgrade(-6.816, 2.350, -7.431, 19046)
upgrade(-6.331, 2.350, -3.987, 12213)
upgrade(-3.659, 2.350, -10.225, 9193)
upgrade(3.295, 2.368, -7.629, 16798)
upgrade(4.691, 2.350, -10.427, 10290)
upgrade(4.691, 2.350, -10.427, 8168)
upgrade(-6.115, 2.350, -12.696, 14682)
upgrade(4.691, 2.350, -10.427, 12922)
place(6.012, 1.000, 2.712, "Accelerator", 8208)
upgrade(6.012, 2.350, 2.712, 3908)
upgrade(6.012, 2.350, 2.712, 3087)
upgrade(6.012, 2.350, 2.712, 14638)
upgrade(6.012, 2.350, 2.712, 11124)
upgrade(4.691, 2.350, -10.427, 72654)
upgrade(7.077, 2.350, -3.437, 45063)
place(-5.977, 1.000, 3.175, "Accelerator", 19912)
upgrade(-5.977, 2.350, 3.175, 15412)
upgrade(-5.977, 2.350, 3.175, 14587)
upgrade(-5.977, 2.350, 3.175, 12536)
upgrade(-5.977, 2.350, 3.175, 10500)
upgrade(3.012, 2.403, 2.998, 42154)
place(-9.363, 1.000, 3.700, "Accelerator", 10140)
upgrade(-9.363, 2.350, 3.700, 10187)
upgrade(-9.363, 2.350, 3.700, 10907)
upgrade(-9.363, 2.350, 3.700, 8994)
upgrade(-9.363, 2.350, 3.700, 11289)
place(9.963, 1.000, -4.403, "Accelerator", 17598)
upgrade(9.963, 2.350, -4.403, 13617)
upgrade(7.077, 2.350, -3.437, 12815)
upgrade(9.963, 2.350, -4.403, 14697)
upgrade(9.963, 2.350, -4.403, 12871)
upgrade(9.963, 2.350, -4.403, 8607)
upgrade(9.963, 2.350, -4.403, 8537)
place(9.459, 1.000, 3.149, "Commander", 9285)
upgrade(9.459, 2.368, 3.149, 9035)
upgrade(9.459, 2.368, 3.149, 8812)
upgrade(9.459, 2.368, 3.149, 6845)
upgrade(9.459, 2.368, 3.149, 2001)
upgrade(9.459, 2.368, 3.149, 1983)
upgrade(9.459, 2.368, 3.149, 1980)
upgrade(9.963, 2.350, -4.403, 10942)
upgrade(9.963, 2.350, -4.403, 30983)
place(-9.318, 1.000, -4.625, "Accelerator", 60918)
upgrade(-9.318, 2.350, -4.625, 59493)
upgrade(-9.318, 2.350, -4.625, 59493)
upgrade(-9.318, 2.350, -4.625, 48058)
upgrade(-9.318, 2.350, -4.625, 48058)
upgrade(-9.318, 2.350, -4.625, 43133)
