place(3.214, 1.000, -3.311, "Scout", 150)
place(-2.923, 1.000, -3.398, "Scout", 150)
upgrade(-2.923, 2.350, -3.398, 50)
upgrade(3.214, 2.350, -3.311, 50)
upgrade(-2.923, 2.350, -3.398, 200)
upgrade(3.214, 2.350, -3.311, 200)
place(-3.144, 1.000, 2.866, "Ace Pilot", 550)
upgrade(-3.144, 1.000, 2.866, 200)
upgrade(-3.144, 1.000, 2.866, 350)
place(4.233, 1.000, 5.280, "Crook Boss", 600)
upgrade(4.233, 2.350, 5.280, 300)
upgrade(4.233, 2.350, 5.280, 900)
upgrade(-2.923, 2.350, -3.398, 950)
upgrade(3.214, 2.350, -3.311, 950)
upgrade(-3.144, 1.000, 2.866, 1850)
place(7.265, 1.000, -3.760, "DJ Booth", 1200)
upgrade(7.265, 2.365, -3.760, 300)
upgrade(7.265, 2.365, -3.760, 1250)
place(3.459, 1.000, -7.476, "Ace Pilot", 550)
upgrade(3.459, 1.000, -7.476, 200)
upgrade(3.459, 1.000, -7.476, 350)
upgrade(3.459, 1.000, -7.476, 1850)
upgrade(3.459, 1.000, -7.476, 3200)
upgrade(4.233, 2.350, 5.280, 4250)
upgrade(3.459, 1.000, -7.476, 8000)
upgrade(-3.144, 1.000, 2.866, 3200)
upgrade(7.265, 2.365, -3.760, 3000)
place(-6.379, 1.000, 4.467, "Crook Boss", 600)
upgrade(-6.379, 2.350, 4.467, 300)
upgrade(-6.379, 2.350, 4.467, 900)
upgrade(-6.379, 2.350, 4.467, 4250)
upgrade(-6.379, 2.350, 4.467, 20000)
upgrade(-2.923, 2.350, -3.398, 2500)
upgrade(3.214, 2.350, -3.311, 2500)
place(7.222, 1.000, 3.855, "Accelerator", 4500)
place(7.330, 1.000, 3.730, "Accelerator", 4500)
upgrade(7.330, 2.350, 3.730, 1000)
upgrade(7.330, 2.350, 3.730, 2500)
upgrade(7.330, 2.350, 3.730, 4750)
upgrade(-3.144, 1.000, 2.866, 8000)
upgrade(7.265, 2.365, -3.760, 8000)
upgrade(3.459, 1.000, -7.476, 10683)
place(-3.032, 1.000, -6.587, "Scout", 150)
upgrade(-3.032, 2.350, -6.587, 50)
upgrade(-3.032, 2.350, -6.587, 200)
upgrade(-3.032, 2.350, -6.587, 950)
place(-3.335, 1.000, -7.041, "Accelerator", 4500)
upgrade(-3.335, 2.350, -7.041, 1000)
upgrade(-3.335, 2.350, -7.041, 2500)
place(6.088, 1.000, 8.692, "Crook Boss", 600)
upgrade(6.088, 2.350, 8.692, 300)
upgrade(6.088, 2.350, 8.692, 900)
upgrade(6.088, 2.350, 8.692, 4250)
upgrade(6.088, 2.350, 8.692, 20000)
upgrade(6.088, 2.350, 8.692, 6288)
place(-7.904, 1.000, 11.448, "Ace Pilot", 550)
upgrade(-7.905, 1.000, 11.448, 10734)
upgrade(-7.905, 1.000, 11.448, 10558)
upgrade(-7.905, 1.000, 11.448, 10212)
upgrade(-7.905, 1.000, 11.448, 10834)
upgrade(-7.905, 1.000, 11.448, 7634)
