place(-125.942, -44.536, 22.895, "Cowboy", 750)
upgrade(-125.942, -43.186, 22.895, 150)
upgrade(-125.942, -43.186, 22.895, 810)
upgrade(-125.942, -43.186, 22.895, 2209)
place(-131.895, -44.536, 23.447, "Cowboy", 644)
upgrade(-131.895, -43.186, 23.447, 159)
upgrade(-131.895, -43.186, 23.447, 929)
upgrade(-131.895, -43.186, 23.447, 2454)
place(-131.546, -44.536, 29.279, "Cowboy", 709)
upgrade(-131.546, -43.186, 29.279, 202)
upgrade(-131.546, -43.186, 29.279, 1674)
upgrade(-131.546, -43.186, 29.279, 1848)
place(-125.653, -44.536, 29.106, "Cowboy", 2262)
upgrade(-125.653, -43.186, 29.106, 1662)
upgrade(-125.653, -43.186, 29.106, 1124)
upgrade(-125.653, -43.186, 29.106, 1782)
place(-120.837, -44.536, 32.174, "Engineer", 3046)
upgrade(-120.837, -43.184, 32.174, 2586)
upgrade(-120.837, -43.184, 32.174, 2236)
upgrade(-120.837, -43.184, 32.174, 1724)
place(-120.423, -44.536, 35.401, "Engineer", 1972)
upgrade(-120.423, -43.184, 35.401, 1442)
upgrade(-120.423, -43.184, 35.401, 1092)
upgrade(-120.423, -43.184, 35.401, 966)
place(-116.511, -44.536, 35.607, "Engineer", 718)
upgrade(-116.511, -43.184, 35.607, 448)
upgrade(-116.511, -43.184, 35.607, 1298)
upgrade(-116.511, -43.184, 35.607, 2853)
upgrade(-120.837, -43.184, 32.174, 2327)
place(-116.543, -44.536, 31.909, "Engineer", 870)
upgrade(-116.543, -43.184, 31.909, 430)
upgrade(-116.543, -43.184, 31.909, 2799)
upgrade(-116.543, -43.184, 31.909, 2251)
upgrade(-131.895, -43.186, 23.447, 4751)
place(-124.819, -44.486, 33.035, "DJ Booth", 1726)
upgrade(-124.819, -43.121, 33.035, 745)
upgrade(-124.819, -43.121, 33.035, 450)
upgrade(-124.819, -43.121, 33.035, 1675)
upgrade(-124.819, -43.121, 33.035, 5185)
place(-132.791, -44.486, 32.678, "Minigunner", 6755)
upgrade(-132.791, -43.079, 32.678, 6170)
upgrade(-132.791, -43.079, 32.678, 5360)
upgrade(-120.837, -43.184, 32.174, 581)
upgrade(-125.942, -43.186, 22.895, 4364)
upgrade(-120.423, -43.184, 35.401, 4976)
upgrade(-124.819, -43.121, 33.035, 9693)
upgrade(-125.653, -43.186, 29.106, 5630)
place(-122.565, -44.536, 29.375, "Commander", 3285)
upgrade(-122.565, -43.169, 29.375, 2550)
upgrade(-122.565, -43.169, 29.375, 2392)
upgrade(-122.565, -43.169, 29.375, 201)
upgrade(-131.546, -43.186, 29.279, 7154)
upgrade(-116.543, -43.184, 31.909, 6885)
upgrade(-116.511, -43.184, 35.607, 7562)
upgrade(-132.791, -43.079, 32.678, 9794)
place(-134.909, -44.536, 30.487, "Minigunner", 6617)
upgrade(-134.909, -43.129, 30.487, 3917)
upgrade(-134.909, -43.129, 30.487, 3180)
upgrade(-134.909, -43.129, 30.487, 1472)
upgrade(-134.909, -43.129, 30.487, 7512)
upgrade(-131.895, -43.186, 23.447, 12247)
upgrade(-125.653, -43.186, 29.106, 1580)
upgrade(-125.942, -43.186, 22.895, 10442)
upgrade(-131.546, -43.186, 29.279, 9370)
place(-118.275, -44.536, 40.861, "Engineer", 4994)
place(-118.476, -44.536, 38.138, "Engineer", 8378)
upgrade(-118.476, -43.184, 38.138, 9004)
upgrade(-118.476, -43.184, 38.138, 9096)
upgrade(-118.476, -43.184, 38.138, 12286)
upgrade(-118.476, -43.184, 38.138, 10550)
upgrade(-120.837, -43.184, 32.174, 12966)
upgrade(-116.543, -43.184, 31.909, 20768)
upgrade(-124.819, -43.121, 33.035, 24450)
upgrade(-116.511, -43.184, 35.607, 10244)
upgrade(-118.476, -43.184, 38.138, 14230)
upgrade(-120.423, -43.184, 35.401, 12205)
place(-136.380, -44.536, 33.163, "Minigunner", 11688)
upgrade(-136.380, -43.129, 33.163, 9882)
upgrade(-136.380, -43.129, 33.163, 11574)
upgrade(-136.380, -43.129, 33.163, 9874)
upgrade(-122.565, -43.169, 29.375, 8260)
upgrade(-122.565, -43.169, 29.375, 13560)
place(-134.445, -44.536, 35.643, "Minigunner", 13804)
upgrade(-134.445, -43.129, 35.643, 18623)
upgrade(-134.445, -43.129, 35.643, 23258)
upgrade(-134.445, -43.129, 35.643, 28250)
upgrade(-132.791, -43.079, 32.678, 28206)
upgrade(-134.909, -43.129, 30.487, 764)
upgrade(-134.445, -43.129, 35.643, 26558)
place(-122.913, -44.536, 37.927, "Engineer", 5158)
upgrade(-122.913, -43.184, 37.927, 6058)
upgrade(-122.913, -43.184, 37.927, 5761)
upgrade(-122.913, -43.184, 37.927, 5619)
upgrade(-122.913, -43.184, 37.927, 6482)
upgrade(-122.913, -43.184, 37.927, 14045)
upgrade(-116.543, -43.184, 31.909, 30570)
place(-122.761, -44.536, 23.169, "Commander", 19213)
upgrade(-122.761, -43.169, 23.169, 18813)
upgrade(-122.761, -43.169, 23.169, 18558)
upgrade(-122.761, -43.169, 23.169, 20433)
upgrade(-122.761, -43.169, 23.169, 9183)
upgrade(-136.380, -43.129, 33.163, 93290)
