place(-3.409, 1.000, -15.258, "Scout", 750)
upgrade(-3.409, 2.350, -15.258, 505)
place(2.833, 1.000, -13.781, "Scout", 365)
upgrade(2.833, 2.350, -13.781, 376)
upgrade(-3.409, 2.350, -15.258, 598)
upgrade(2.833, 2.350, -13.781, 759)
place(-3.848, 1.000, -18.502, "Scout", 445)
upgrade(-3.848, 2.350, -18.502, 200)
upgrade(-3.848, 2.350, -18.502, 723)
place(3.036, 1.000, -17.148, "Scout", 438)
upgrade(3.036, 2.350, -17.148, 198)
upgrade(3.036, 2.350, -17.148, 864)
place(-2.836, 1.000, -10.308, "Rocketeer", 669)
place(-3.218, 1.000, -8.509, "Rocketeer", 2009)
upgrade(-3.218, 2.450, -8.509, 509)
upgrade(-3.218, 2.450, -8.509, 260)
upgrade(-3.218, 2.450, -8.509, 1879)
place(3.443, 1.000, -9.572, "Rocketeer", 2121)
upgrade(3.443, 2.450, -9.572, 791)
upgrade(3.443, 2.450, -9.572, 588)
upgrade(3.443, 2.450, -9.572, 2185)
upgrade(-3.409, 2.350, -15.258, 3432)
upgrade(2.833, 2.350, -13.781, 3280)
place(-5.915, 1.000, -12.087, "DJ Booth", 4825)
upgrade(-5.915, 2.365, -12.087, 3735)
upgrade(-5.915, 2.365, -12.087, 3435)
upgrade(-5.915, 2.365, -12.087, 5369)
upgrade(-3.848, 2.350, -18.502, 2863)
upgrade(3.036, 2.350, -17.148, 2745)
place(-9.365, 1.000, -8.097, "Engineer", 745)
upgrade(-9.365, 2.353, -8.097, 395)
upgrade(-9.365, 2.353, -8.097, 604)
upgrade(-9.365, 2.353, -8.097, 3191)
upgrade(-9.365, 2.353, -8.097, 5504)
upgrade(3.443, 2.450, -9.572, 6697)
upgrade(-5.915, 2.365, -12.087, 9367)
place(5.417, 1.000, -12.147, "Commander", 7614)
upgrade(5.417, 2.368, -12.147, 7064)
upgrade(5.417, 2.368, -12.147, 6764)
place(-5.996, 1.000, -7.220, "Engineer", 6207)
upgrade(-5.996, 2.353, -7.220, 6474)
upgrade(-5.996, 2.353, -7.220, 6127)
upgrade(-5.996, 2.353, -7.220, 5602)
upgrade(-5.996, 2.353, -7.220, 7017)
upgrade(-3.218, 2.450, -8.509, 10210)
place(-3.222, 1.000, -5.244, "Rocketeer", 4899)
upgrade(-3.222, 2.450, -5.244, 4049)
upgrade(-3.222, 2.450, -5.244, 2185)
upgrade(-3.222, 2.450, -5.244, 2099)
place(3.448, 1.000, -5.617, "Rocketeer", 9395)
upgrade(3.448, 2.450, -5.617, 8053)
upgrade(3.448, 2.450, -5.617, 6332)
upgrade(3.448, 2.450, -5.617, 6101)
upgrade(3.448, 2.450, -5.617, 6781)
upgrade(-3.222, 2.450, -5.244, 6667)
place(-10.123, 1.000, -11.065, "Engineer", 1822)
upgrade(-10.123, 2.353, -11.065, 1630)
upgrade(-10.123, 2.353, -11.065, 1622)
upgrade(-10.123, 2.353, -11.065, 1073)
upgrade(-10.123, 2.353, -11.065, 2647)
place(-6.932, 1.000, -4.320, "Rocketeer", 10397)
upgrade(-6.932, 2.450, -4.320, 11397)
upgrade(-6.932, 2.450, -4.320, 3942)
upgrade(-6.932, 2.450, -4.320, 3000)
place(5.652, 1.000, -3.026, "Commander", 5397)
upgrade(5.652, 2.368, -3.026, 7047)
upgrade(5.652, 2.368, -3.026, 9247)
