place(7.361, 1.000, 5.912, "Cowboy", 500)
upgrade(7.361, 2.350, 5.912, 150)
upgrade(7.361, 2.350, 5.912, 550)
upgrade(7.361, 2.350, 5.912, 1500)
place(4.290, 1.000, 5.531, "Cowboy", 500)
upgrade(4.290, 2.350, 5.531, 150)
upgrade(4.290, 2.350, 5.531, 550)
upgrade(4.290, 2.350, 5.531, 1500)
place(8.960, 1.000, 3.221, "Cowboy", 500)
upgrade(8.960, 2.350, 3.221, 150)
upgrade(8.960, 2.350, 3.221, 550)
upgrade(8.960, 2.350, 3.221, 1500)
upgrade(7.361, 2.350, 5.912, 3000)
place(3.339, 1.000, -10.042, "Ace Pilot", 550)
upgrade(3.339, 1.000, -10.041, 200)
upgrade(3.339, 1.000, -10.041, 350)
upgrade(3.339, 1.000, -10.041, 1850)
place(6.067, 1.000, 9.077, "Cowboy", 500)
upgrade(6.067, 2.350, 9.077, 150)
upgrade(6.067, 2.350, 9.077, 550)
upgrade(6.067, 2.350, 9.077, 1500)
upgrade(4.290, 2.350, 5.531, 3000)
upgrade(6.067, 2.350, 9.077, 3000)
upgrade(3.339, 1.000, -10.041, 3200)
upgrade(8.960, 2.350, 3.221, 3000)
upgrade(7.361, 2.350, 5.912, 5250)
place(-3.563, 1.000, -9.721, "Ace Pilot", 550)
upgrade(-3.563, 1.000, -9.721, 200)
upgrade(-3.563, 1.000, -9.721, 350)
upgrade(-3.563, 1.000, -9.721, 1850)
upgrade(-3.563, 1.000, -9.721, 3200)
place(9.887, 1.000, 7.965, "Cowboy", 500)
upgrade(9.887, 2.350, 7.965, 150)
upgrade(9.887, 2.350, 7.965, 550)
upgrade(9.887, 2.350, 7.965, 1500)
upgrade(9.887, 2.350, 7.965, 3000)
place(3.389, 1.000, -3.448, "Shotgunner", 300)
upgrade(3.389, 2.350, -3.448, 150)
upgrade(3.389, 2.350, -3.448, 950)
place(-3.038, 1.000, 3.150, "Shotgunner", 300)
upgrade(-3.038, 2.350, 3.150, 150)
upgrade(-3.038, 2.350, 3.150, 950)
upgrade(-3.038, 2.350, 3.150, 2500)
upgrade(4.290, 2.350, 5.531, 5250)
upgrade(8.960, 2.350, 3.221, 5250)
upgrade(-3.563, 1.000, -9.721, 8000)
upgrade(6.067, 2.350, 9.077, 5250)
upgrade(3.389, 2.350, -3.448, 2500)
upgrade(9.887, 2.350, 7.965, 5250)
upgrade(3.339, 1.000, -10.041, 8000)
place(7.355, 1.000, 19.635, "Cowboy", 500)
place(11.616, 1.000, 5.055, "Cowboy", 500)
upgrade(11.616, 2.350, 5.055, 150)
upgrade(11.616, 2.350, 5.055, 550)
upgrade(11.616, 2.350, 5.055, 1500)
upgrade(11.616, 2.350, 5.055, 3000)
upgrade(11.616, 2.350, 5.055, 5250)
upgrade(-3.038, 2.350, 3.150, 6500)
upgrade(3.389, 2.350, -3.448, 6500)
place(-3.260, 1.000, -13.615, "Ace Pilot", 550)
upgrade(-3.261, 1.000, -13.614, 8503)
upgrade(-3.261, 1.000, -13.614, 8536)
upgrade(-3.261, 1.000, -13.614, 6735)
upgrade(-3.261, 1.000, -13.614, 7753)
upgrade(-3.261, 1.000, -13.614, 10167)
place(3.238, 1.000, -14.144, "Ace Pilot", 550)
upgrade(3.237, 1.000, -14.143, 200)
upgrade(3.237, 1.000, -14.143, 350)
upgrade(3.237, 1.000, -14.143, 1850)
upgrade(3.237, 1.000, -14.143, 3200)
upgrade(3.237, 1.000, -14.143, 8000)
place(13.406, 1.000, 7.770, "Cowboy", 500)
upgrade(13.406, 2.350, 7.770, 150)
upgrade(13.406, 2.350, 7.770, 550)
upgrade(13.406, 2.350, 7.770, 1500)
upgrade(13.406, 2.350, 7.770, 3000)
upgrade(13.406, 2.350, 7.770, 5250)
place(10.144, 1.000, 11.364, "Cowboy", 500)
upgrade(10.144, 2.350, 11.364, 150)
upgrade(10.144, 2.350, 11.364, 550)
upgrade(10.144, 2.350, 11.364, 1500)
upgrade(10.144, 2.350, 11.364, 3000)
upgrade(10.144, 2.350, 11.364, 5250)
place(3.054, 1.000, -18.051, "Ace Pilot", 550)
upgrade(3.054, 1.000, -18.051, 200)
upgrade(3.054, 1.000, -18.051, 350)
upgrade(3.054, 1.000, -18.051, 1850)
upgrade(3.054, 1.000, -18.051, 3200)
upgrade(3.054, 1.000, -18.051, 8000)
place(-2.726, 1.000, -17.401, "Ace Pilot", 550)
upgrade(-2.726, 1.000, -17.401, 200)
upgrade(-2.726, 1.000, -17.401, 350)
upgrade(-2.726, 1.000, -17.401, 1850)
upgrade(-2.726, 1.000, -17.401, 3200)
upgrade(-2.726, 1.000, -17.401, 8000)
place(13.629, 1.000, 10.954, "Cowboy", 500)
upgrade(13.629, 2.350, 10.954, 150)
upgrade(13.629, 2.350, 10.954, 550)
upgrade(13.629, 2.350, 10.954, 1500)
upgrade(13.629, 2.350, 10.954, 3000)
upgrade(13.629, 2.350, 10.954, 5250)
place(8.950, 5.100, -12.306, "Sniper", 300)
upgrade(8.950, 6.450, -12.306, 150)
upgrade(8.950, 6.450, -12.306, 500)
upgrade(8.950, 6.450, -12.306, 1500)
upgrade(8.950, 6.450, -12.306, 4000)
place(9.749, 5.100, -16.310, "Sniper", 300)
upgrade(9.749, 6.450, -16.310, 150)
upgrade(9.749, 6.450, -16.310, 500)
upgrade(9.749, 6.450, -16.310, 1500)
upgrade(9.749, 6.450, -16.310, 4000)
place(-3.173, 1.000, -3.196, "Shotgunner", 300)
upgrade(-3.173, 2.350, -3.196, 150)
upgrade(-3.173, 2.350, -3.196, 950)
upgrade(-3.173, 2.350, -3.196, 2500)
upgrade(-3.173, 2.350, -3.196, 6500)
place(3.486, 1.000, 2.560, "Shotgunner", 300)
upgrade(3.486, 2.350, 2.560, 150)
upgrade(3.486, 2.350, 2.560, 950)
upgrade(3.486, 2.350, 2.560, 2500)
upgrade(3.486, 2.350, 2.560, 6500)
place(15.007, 1.000, 3.391, "Cowboy", 500)
upgrade(15.007, 2.350, 3.391, 150)
upgrade(15.007, 2.350, 3.391, 550)
upgrade(15.007, 2.350, 3.391, 1500)
upgrade(15.007, 2.350, 3.391, 3000)
upgrade(15.007, 2.350, 3.391, 5250)
place(-3.115, 1.000, -20.776, "Ace Pilot", 550)
upgrade(-3.115, 1.000, -20.776, 200)
upgrade(-3.115, 1.000, -20.776, 350)
upgrade(-3.115, 1.000, -20.776, 1850)
upgrade(-3.115, 1.000, -20.776, 3200)
upgrade(-3.115, 1.000, -20.776, 8000)
place(2.898, 1.000, -21.589, "Ace Pilot", 550)
upgrade(2.897, 1.000, -21.589, 200)
upgrade(2.897, 1.000, -21.589, 350)
upgrade(2.897, 1.000, -21.589, 1850)
upgrade(2.897, 1.000, -21.589, 3200)
upgrade(2.897, 1.000, -21.589, 8000)
place(16.892, 1.000, 7.121, "Cowboy", 500)
place(-3.915, 1.000, -23.823, "Ace Pilot", 550)
place(11.889, 5.100, -9.677, "Sniper", 300)
upgrade(11.889, 6.450, -9.677, 150)
upgrade(11.889, 6.450, -9.677, 500)
upgrade(11.889, 6.450, -9.677, 1500)
upgrade(11.889, 6.450, -9.677, 4000)
place(14.713, 5.100, -11.180, "Sniper", 300)
upgrade(14.713, 6.450, -11.180, 150)
upgrade(14.713, 6.450, -11.180, 500)
upgrade(14.713, 6.450, -11.180, 1500)
upgrade(14.713, 6.450, -11.180, 4000)
place(8.750, 5.100, -20.250, "Sniper", 300)
upgrade(8.750, 6.450, -20.250, 150)
upgrade(8.750, 6.450, -20.250, 500)
upgrade(8.750, 6.450, -20.250, 1500)
upgrade(8.750, 6.450, -20.250, 4000)
place(9.905, 5.100, -23.213, "Sniper", 300)
upgrade(9.905, 6.450, -23.213, 150)
upgrade(9.905, 6.450, -23.213, 500)
upgrade(9.905, 6.450, -23.213, 1500)
upgrade(9.905, 6.450, -23.213, 4000)
place(-5.814, 1.000, -3.199, "Soldier", 350)
upgrade(-5.814, 2.353, -3.199, 100)
upgrade(-5.814, 2.353, -3.199, 400)
upgrade(-5.814, 2.353, -3.199, 1500)
upgrade(-5.814, 2.353, -3.199, 4750)
place(-6.075, 1.000, 3.710, "Soldier", 350)
upgrade(-6.075, 2.353, 3.710, 100)
upgrade(-6.075, 2.353, 3.710, 400)
upgrade(-6.075, 2.353, 3.710, 1500)
upgrade(-6.075, 2.353, 3.710, 4750)
place(9.047, 5.100, -26.178, "Sniper", 300)
upgrade(9.047, 6.450, -26.178, 150)
upgrade(9.047, 6.450, -26.178, 500)
upgrade(9.047, 6.450, -26.178, 1500)
upgrade(9.047, 6.450, -26.178, 4000)
place(-10.140, 1.000, -2.950, "Ace Pilot", 550)
upgrade(-10.140, 1.000, -2.950, 200)
upgrade(-10.140, 1.000, -2.950, 350)
upgrade(-10.140, 1.000, -2.950, 1850)
upgrade(-10.140, 1.000, -2.950, 3200)
upgrade(-10.140, 1.000, -2.950, 8000)
place(-10.357, 1.000, 3.533, "Ace Pilot", 550)
upgrade(-10.357, 1.000, 3.533, 200)
upgrade(-10.357, 1.000, 3.533, 350)
upgrade(-10.357, 1.000, 3.533, 1850)
upgrade(-10.357, 1.000, 3.533, 3200)
upgrade(-10.357, 1.000, 3.533, 8000)
place(-7.864, 1.000, -6.450, "Ace Pilot", 550)
upgrade(-7.864, 1.000, -6.450, 200)
upgrade(-7.864, 1.000, -6.450, 350)
upgrade(-7.864, 1.000, -6.450, 1850)
upgrade(-7.864, 1.000, -6.450, 3200)
upgrade(-7.864, 1.000, -6.450, 8000)
place(-7.163, 1.000, 7.232, "Ace Pilot", 550)
upgrade(-7.163, 1.000, 7.232, 200)
upgrade(-7.163, 1.000, 7.232, 350)
upgrade(-7.163, 1.000, 7.232, 1850)
upgrade(-7.163, 1.000, 7.232, 3200)
upgrade(-7.163, 1.000, 7.232, 8000)
place(-10.582, 1.000, 7.826, "Ace Pilot", 550)
upgrade(-10.582, 1.000, 7.826, 200)
upgrade(-10.582, 1.000, 7.826, 350)
upgrade(-10.582, 1.000, 7.826, 1850)
upgrade(-10.582, 1.000, 7.826, 3200)
upgrade(-10.582, 1.000, 7.826, 8000)
place(6.982, 1.000, -2.627, "Ace Pilot", 550)
upgrade(6.981, 1.000, -2.627, 200)
upgrade(6.981, 1.000, -2.627, 350)
upgrade(6.981, 1.000, -2.627, 1850)
upgrade(6.981, 1.000, -2.627, 3200)
upgrade(6.981, 1.000, -2.627, 8000)