place(-3.271, 1.000, -3.626, "Cowboy", 500)
upgrade(-3.271, 2.350, -3.626, 150)
upgrade(-3.271, 2.350, -3.626, 550)
upgrade(-3.271, 2.350, -3.626, 1500)
place(-3.513, 1.000, -6.966, "Cowboy", 500)
upgrade(-3.513, 2.350, -6.966, 150)
upgrade(-3.513, 2.350, -6.966, 550)
upgrade(-3.513, 2.350, -6.966, 1500)
place(-3.659, 1.000, -10.225, "Cowboy", 500)
upgrade(-3.659, 2.350, -10.225, 150)
upgrade(-3.659, 2.350, -10.225, 550)
upgrade(-3.659, 2.350, -10.225, 1500)
place(3.012, 1.000, 2.998, "Hacker", 1400)
upgrade(3.012, 2.403, 2.998, 600)
upgrade(3.012, 2.403, 2.998, 1250)
upgrade(-3.513, 2.350, -6.966, 3000)
upgrade(-3.659, 2.350, -10.225, 3000)
place(-6.331, 1.000, -3.987, "Cowboy", 500)
upgrade(-3.271, 2.350, -3.626, 3000)
upgrade(-6.331, 2.350, -3.987, 150)
upgrade(-6.331, 2.350, -3.987, 550)
upgrade(-6.331, 2.350, -3.987, 1500)
upgrade(-6.331, 2.350, -3.987, 3000)
place(-6.816, 1.000, -7.431, "Cowboy", 500)
upgrade(-6.816, 2.350, -7.431, 150)
upgrade(-6.816, 2.350, -7.431, 550)
upgrade(-6.816, 2.350, -7.431, 1500)
upgrade(-6.816, 2.350, -7.431, 3000)
place(-6.115, 1.000, -12.696, "Cowboy", 500)
upgrade(-6.115, 2.350, -12.696, 150)
upgrade(-6.115, 2.350, -12.696, 550)
upgrade(-6.115, 2.350, -12.696, 1500)
upgrade(-6.115, 2.350, -12.696, 3000)
place(2.858, 1.000, -3.459, "DJ Booth", 1200)
upgrade(2.858, 2.365, -3.459, 300)
upgrade(2.858, 2.365, -3.459, 1250)
upgrade(2.858, 2.365, -3.459, 3000)
upgrade(3.012, 2.403, 2.998, 7500)
place(-2.834, 1.000, 3.009, "Hacker", 1400)
upgrade(-2.834, 2.403, 3.009, 600)
upgrade(-2.834, 2.403, 3.009, 1250)
upgrade(-2.834, 2.403, 3.009, 7500)
upgrade(2.858, 2.365, -3.459, 8000)
upgrade(3.012, 2.403, 2.998, 22000)
upgrade(2.858, 2.365, -3.459, 20000)
place(3.295, 1.000, -7.629, "Commander", 850)
upgrade(3.295, 2.368, -7.629, 300)
upgrade(3.295, 2.368, -7.629, 2500)
upgrade(3.295, 2.368, -7.629, 5500)
place(7.077, 1.000, -3.437, "Accelerator", 4500)
upgrade(7.077, 2.350, -3.437, 1000)
upgrade(7.077, 2.350, -3.437, 2500)
upgrade(7.077, 2.350, -3.437, 4750)
upgrade(7.077, 2.350, -3.437, 11250)
place(4.691, 1.000, -10.427, "Accelerator", 4500)
upgrade(4.691, 2.350, -10.427, 1000)
upgrade(4.691, 2.350, -10.427, 2500)
upgrade(-3.513, 2.350, -6.966, 5250)
upgrade(-3.271, 2.350, -3.626, 5250)
upgrade(-6.816, 2.350, -7.431, 5250)
upgrade(-6.331, 2.350, -3.987, 5250)
upgrade(-3.659, 2.350, -10.225, 5250)
upgrade(3.295, 2.368, -7.629, 15000)
upgrade(4.691, 2.350, -10.427, 4750)
upgrade(4.691, 2.350, -10.427, 11250)
upgrade(-6.115, 2.350, -12.696, 5250)
upgrade(4.691, 2.350, -10.427, 36000)
place(6.012, 1.000, 2.712, "Accelerator", 4500)
upgrade(6.012, 2.350, 2.712, 1000)
upgrade(6.012, 2.350, 2.712, 2500)
upgrade(6.012, 2.350, 2.712, 4750)
upgrade(6.012, 2.350, 2.712, 11250)
upgrade(4.691, 2.350, -10.427, 72654)
upgrade(7.077, 2.350, -3.437, 36000)
place(-5.977, 1.000, 3.175, "Accelerator", 4500)
upgrade(-5.977, 2.350, 3.175, 1000)
upgrade(-5.977, 2.350, 3.175, 2500)
upgrade(-5.977, 2.350, 3.175, 4750)
upgrade(-5.977, 2.350, 3.175, 11250)
upgrade(3.012, 2.403, 2.998, 42154)
place(-9.363, 1.000, 3.700, "Accelerator", 4500)
upgrade(-9.363, 2.350, 3.700, 1000)
upgrade(-9.363, 2.350, 3.700, 2500)
upgrade(-9.363, 2.350, 3.700, 4750)
upgrade(-9.363, 2.350, 3.700, 11250)
place(9.963, 1.000, -4.403, "Accelerator", 4500)
upgrade(9.963, 2.350, -4.403, 1000)
upgrade(7.077, 2.350, -3.437, 12815)
upgrade(9.963, 2.350, -4.403, 2500)
upgrade(9.963, 2.350, -4.403, 4750)
upgrade(9.963, 2.350, -4.403, 11250)
upgrade(9.963, 2.350, -4.403, 36000)
place(9.459, 1.000, 3.149, "Commander", 850)
upgrade(9.459, 2.368, 3.149, 300)
upgrade(9.459, 2.368, 3.149, 2500)
upgrade(9.459, 2.368, 3.149, 5500)
upgrade(9.459, 2.368, 3.149, 15000)
upgrade(9.459, 2.368, 3.149, 1983)
upgrade(9.459, 2.368, 3.149, 1980)
upgrade(9.963, 2.350, -4.403, 10942)
upgrade(9.963, 2.350, -4.403, 30983)
place(-9.318, 1.000, -4.625, "Accelerator", 4500)
upgrade(-9.318, 2.350, -4.625, 1000)
upgrade(-9.318, 2.350, -4.625, 2500)
upgrade(-9.318, 2.350, -4.625, 4750)
upgrade(-9.318, 2.350, -4.625, 11250)
upgrade(-9.318, 2.350, -4.625, 36000)